8
960
40
109.122
65
23
42
68
70
-3509
79
89
55
1.34247
-837
1908.01
4767.73
96.4615
8858523
0.878378
62.0091
2411
134.589
2689
2.26316
52
3760
26
91
5280.48
35.2778
2.91097
27
61
45.1429
-62
-31
0.230947
13543.6
38
49
83
730
131841
66
130.511
1.51546
-11676.7
2482
1100
1420
170.474
227.545
104
42.087
88
-87.6
0.722892
95
35.083
19.8684
202.516
5192.86
0.405063
-181.529
129.857
10
459578
140.854
67
-4144
2.47826
-4241
70
67
27.1111
689
146
-644.75
16
1.47059
10.9643
2052
11
-24.4256
-130
29
6876
-1714
-4812
-87388.2
13.8485
96
506
6079
-5963.47
76
202.865
-56.506
-64.837
-169
0.139535
-1079.24
90.913
9
53.9216
21
78
-1355.14
110
76.1444
36
0.851852
196
73
1.90804e-06
-59.9429
141
5508.02
198
0.333333
790.475
4116.99
0.772152
99
212.104
106
32
100.867
34
24
0.188811
0.853778
0.836207
78.2579
-222525
18
-30
0.00493197
78
350
0.969697
92
-76.3041
0.0721649
18
-6.71429
-58.9842
978.306
84
1283
5448.21
7
85
1.11765
145794
1695.8
82
49
7.77778
19.1758
-0.0158103
6
78
324480
94
87
28.3896
1.375
156
10186.6
-639.662
1870
0.16
83.2889
-2066
-81
-3948
-80.3725
-136
78
5119
-4554.35
23.5457
-49.9508
31
63.3887
2303.36
2851.72
71
-26.5938
25
3215
385.656
39605
184.419
-2254.9
538.657
3960
442752100
98
286282
67.0028
-0.676471
181
63.4242
6499.75
0.183333
-37
27.7913
61
104.154
-137.049
-58.8846
5314
4928
-128.929
6
-30.8298
17
-57822.8
5963.19
-21.6667
164
91
-0.0452675
96
75674.9
-51.5949
100
22161.6
41.1484
11
808.648
2105
0.769231
82.0861
50
71.0338
185
17
-793
-27.9718
28
-53.5911
11539
100
93
40
-4002347
88.68
-145850
-2780
0.0416667
414
12.5
-4026.44
-0.0709881
2448
34
6.02217e+06
51
5.52941
7
-19
-72.7503
63
33
-201.124
47.1649
120.819
14
46
133.054
8.01579
40
92
0
62
620.313
0.205882
85
-2859
71
-39.7273
1764
52
0.846154
1071
18.6296
2177.46
37
72.3333
13.5882
171.62
8.33333
133
94202
60.9947
16
62
104
1.11236
26
727.142
4264
-7251.16
0.514706
-11620
0.860215
60
72
82
279523
113921
-1.25149e+07
340.153
-50
272139
23
1876.52
536.065
9055.92
8
7800
45
74
5128.33
0.989011
75
0.528736
2016
27843964848
163
42
-76
91
39.7759
1332.61
499377
0.0500642
2807.4
70
44744
5343.25
65
-6671
-5.47059
35.3316
6
0.0948905
751.179
89.4407
-140.188
92
684320
50.72
13
-762
-4658.74
40.9024
122015
20
220.668
56
0.756466
50
39.0339
70
2703
88
58
-136892
99.0116
138.662
50.81
-325.071
-34
48.3654
1394.29
7358.83
47
-43.8567
48.2
-155.25
-2452.1
46
286.783
118
2632
-57.2857
1.04
56
-11
68.9836
0.014458
75
19
-33.9991
84.2174
10.6744
-2852.62
39
3255
65.0541
122148
-71
27.2836
2121.02
-19
83
84.9667
1.28571
25
78.4
106
150964
31
22.1739
33
0.105263
65
470.587
76
3513.28
21
59.7736
-2052.33
65
31.02
-34.6965
114
371
72
0.272334
-76
81
-646.761
135.048
1.6528
-32.5
2795.79
34.337
4.41818
76
43
494
-0.875
150
26.3704
104
621.696
-1
-0.369278
-107.273
39
534
90576
12998.4
5890.11
477
-4205
3296.61
-93
1966
658
36.295
97.7895
-17655
5.48352
5
-5377
11339
204
80
495627
3.3796
0.116645
0.88
-22473.3
32
94.75
9.33256
94.1739
-48.5532
-143241
39.3846
7
-52
1.26035e+07
52140
5.7306
17547
-2572.11
5956
43
15
-7373.39
568
-26.9
0.025
-17
-1.33333
0.654906
99
0.0719577
55.9518
126.003
-2705.2
1.87692
2105
-4664
0.00106264
6
99
211
-228.037
103
-492808
42
182
84.589
5460
4
46.5783
38
-3.0566
39204
65
2604
21
2
36.5558
23
-4
-7322.74
18
124
494.008
68
-2005
70
5
0.0163579
-8
-44
-320234
561873
67
26
3
73
118
18.6103
-0.432558
48
155.825
-22
-1942.76
62.3063
-3616
3.06742
67
4357
6204
50
29
3.06667
92
145
-0.112281
38.0909
-37.0176
2537
-3.53333
114048
-2366
125.897
42
0.317829
1.16129
145.077
21
408.843
52
-52.4519
1.5
-110
-16
59
62
30.2121
2
1.19565
3
41
160
91.8791
-2397.31
3911.22
-56
-47.1282
1678.52
25.36
83
-603
215986
-182.483
174.05
121324
-3544
133.972
553
52.7541
-6
958.317
9
96
107382
1674.12
2.25
81
4.86486
72.8205
75
351.27
138
143262
42
63.3964
-64
-27.0184
2088
-35.1058
-713910
320.834
24
20.6706
3224
20
-3
3.95238
79
319
183
1907.66
50
3420.57
-1979.94
60
-70.0054
16740.8
-30.2
1164
-1000.23
35
-1280.72
9
115.005
172.397
37
-1.16226e+06
56
3880.47
14
58
13.9565
0.00314685
68
47
1
8039
-1.68368
140.052
-57290
-54.9237
100
96
-0.000900669
2700.33
24.5456
75
20.1818
22.5823
8856
223.066
-75.4615
97.3202
-41
220
-21.8927
1.4186
1.34483
-133.893
69.6154
58.8824
9.64516
80
-1.15544
-5593
-5050.53
37.2414
42.8308
-17
67
-526.067
-27398.5
-752
1853
0.213771
258
8.22015e-07
136
1.14444
27
82
-88
-262.556
-79.4036
3
57
90.1111
0.407407
65
14
0.217391
-1724
3
1318.29
0.29
22
3154.69
28438.6
52
293.818
-47364.1
-5055.4
87696
443.999
512.533
1020
1.5
34
-6.625
1048
-269.076
161
-3234.86
6109.93
1.04918
112428888
5821.91
-100
90
714
43
107.308
35648.8
79.9167
1353.22
11.4688
0.930233
157
183
779
596368
767.237
58978.4
62
127
76.0295
-588.529
-1.71089
5578
10.3333
5610
1.70588
414.545
-972.636
2384
-2192.25
0.516129
207740
5415.44
67
58
-1645.4
160.842
59337
26
93.9989
114
6
-0.000176886
910
23.6747
95
-19.0504
4947.55
-10321
72
1.20157
97
119.394
28
120
2999.11
-139.827
60.8653
57
-26
875
79
85.6364
41.25
63
11
12
0.151458
10
3034
-37
6
-1938
-133.139
182.063
28
-36.0789
-2890.22
22
22
74725.3
898
97.0112
-6275
361.615
72
52
7220
3773
4620.46
0.707692
19
71698.1
84.0247
8.27273
23.0988
1.4
38
22
103
-1224
816
0.929577
-19
88.4286
853740
-1123.51
3.38095
0.803279
363
89
-2718.55
31
108
-94.4239
0.378378
12
4.97436
4175
-60.1465
126
17
31.9542
1.46875
95
797
60
22
-748
35
372393
29
-7.31579
98
-5076
2562238
198
-56.463
61
96
781
0.113462
56
84.6467
28
0.09375
-58
94.5106
-4
98
-9.14211
0.618421
35
11.15
827
20
1.92702
8.10997e+06
14230
1122.7
-63.0448
79
229680
-16
-56
-3111
57
2646
196
39600
-0.190476
23989.3
62
1.11842
-15
-67.6182
167579
60.6182
-92
3026.19
86
-735
76.8571
3917.65
201
0.120879
-40.9996
0.506849
4923.86
21476
10
-31
3152.31
8161.74
583
18118.8
22262
45
94
123787
2.74286
91
3.26087
4654
3807
-1118
-6261.74
48
8366.89
2.22581
7272
65
83216
100331
1403.23
-4.54545
86.1297
-0.813953
1647
-49
62
103933
3306
8.61765
60
106
56
5
1198.75
88
12923.1
-231.429
820.5
75
6080.99
39.025
-7533.32
240
10.0941
100.045
30
13
513
71
106.167
98.1383
28
44.7368
-46
51
7
83
40452768
0.0431034
-3736.88
29.5
83.5405
630034
90
14
32
113
333.438
-87.5266
46
-56070
1.13668e+07
9333.33
116924
14
0.000559524
4730.19
0.000241896
22
108.354
-35.662
0.145
39
-3888
4595.13
708
-22
277257
120
1657
84.0511
11
11
25
7.66667
11
2012
25
-2567
5.70577e-06
0.396889
0.729049
80
57.8792
9
525333
-5714.61
90
-102
878.832
2651
67.9997
24
-1833
117
75
-7182.56
1261
85
5586
-239
1
6433
1.41415e-05
-178.041
1799
40
111.748
84
-491.333
-32
-34
76
79
5259.43
0.004719
59.84
15.7778
15.4286
19.5818
46526.4
6839.18
-2700.91
85
-90518
2759.38
113.927
2705.55
132282
0.0156028
3262
93
-30.2389
1476
0.361111
7164
27
-62
131
3990
-105
55
75
74.5909
-17.0385
4510
-3233.48
1911
520.403
185
36.7299
797
2
87.5405
-1.52857
15
-58
71
75
54.8889
13
539
1045
2244
46
1580.57
44.3736
157
62
119427
107
147
41
63.075
33
14
9600
93.0178
1344
0.139665
3
-125.088
78
7.58979e+06
4119.29
-3362
18308786
-101175
0.00342466
-19
31790
121618
603
64
-61
-2
12.8333
8164.89
94
